28 17 1
28 17 1
28 17 1
28 17 1
28 17 1
28 9 1
28 9 1
28 9 1
28 9 1
28 9 1
28 9 1
28 9 1
28 9 1
28 9 1
28 9 1
28 9 1
28 9 1
28 9 1
28 9 1
28 9 1
28 9 1
28 9 1
28 9 1
28 9 1
28 9 1
28 9 1
28 9 1
28 9 1
28 9 1
28 9 1
28 9 1
28 9 1
28 9 1
28 9 1
28 9 1
28 9 1
28 9 1
28 9 1
28 9 1
28 9 1
28 9 1
28 9 1
28 9 1
28 9 1
28 9 1
28 9 1
28 9 1
28 9 1
28 9 1
28 9 1
28 9 1
28 9 1
28 9 1
28 9 1
28 9 1
28 9 1
28 9 1
28 9 1
28 9 1
28 9 1
28 9 1
28 9 1
28 9 1
28 9 8
28 9 8
28 9 8
28 9 8
28 9 7
28 8 5
38 8 6
38 8 6
38 8 6
38 8 6
38 8 6
38 8 6
38 8 6
38 8 6
38 8 6
38 8 6
38 8 6
38 8 6
38 8 6
38 8 6
38 8 6
38 8 6
38 8 6
38 8 6
38 8 6
38 8 6
38 8 6
38 8 6
38 8 6
38 8 6
38 8 6
38 8 6
38 8 6
38 8 6
38 8 6
38 8 6
38 8 6
38 8 6
38 8 6
38 8 6
38 8 6
38 8 6
38 8 6
38 8 6
38 8 6
38 8 6
38 8 6
38 8 6
38 8 6
38 8 6
38 8 6
38 8 6
38 8 6
38 8 6
38 8 6
38 8 4
